# Created by Octave 4.2.1, Fri May 19 15:05:04 2017 GMT <unknown@unknown>
# name: d
# type: matrix
# rows: 1
# columns: 2
 0.078171 0.281616


